00001101
00000001
00001001
00000110
11111110
00001110
00100110
11111100
00000000
00010000
11110111
00000010
00010111
00001111
11111011
00000011
00101010
11111100
11111000
00010010
XXXXXXXX
00001110
00001000
00001101
00011000
00000011
00000010
11110110
11110000
00000111
00010011
00010001
00001000
11100101
00001001
11111101
11101100
00000011
00010000
00001001
00100100
XXXXXXXX
00001010
11111001
00000100
00001010
11111011
11111000
11101100
00101011
11101011
00010110
11111001
11111110
11111001
00000101
11111001
00001100
11111011
00000111
11111010
00011011
XXXXXXXX
11111110
11110101
11111111
00010110
00001110
00001111
11110010
00000010
00100001
00011010
11110110
00001110
00010110
00000111
11111001
00100010
00001001
00001111
00001110
00001100
XXXXXXXX
00000011
11111111
00001001
11111100
00000100
11110011
00100011
11110110
00000011
11101100
00100110
11111101
00001110
00001001
00010111
11101110
00000111
00010001
11111100
00000010
XXXXXXXX
00000000
11111110
11110111
00010100
00010000
00001000
11111101
00000001
00001000
00001000
11111000
00001011
11111111
11110011
00100011
00011010
11111100
00011100
00001110
11100110
XXXXXXXX
11111111
00001100
00000001
11111110
00001010
11110111
11101011
00010001
11110111
11110100
00011011
11110000
00010100
11111011
00100101
00001010
11110001
00000101
11110110
00100010
XXXXXXXX
11111110
00000110
00011111
00000101
11110110
00001101
00100011
00010111
00001010
11110011
00000011
00000011
11110010
00000111
11111010
00001000
11110001
00000100
00001011
11101001
XXXXXXXX
00000111
00010000
11111101
00011001
00001101
00000100
11110110
11111100
00001110
11110011
11111001
00010110
00010101
11111011
11110100
11111000
11111110
11111001
00000111
11111101
XXXXXXXX
00001001
00001110
00001011
00000000
11110010
00000110
00010111
11111101
00010010
00011011
11111001
11111110
11111110
00001000
11101111
11110001
11110101
11111100
00000111
00000001